sompong,460.00,3,4,2022
sompong,120.00,4,4,2022
sompong,45.00,7,4,2022
sompong,80.00,8,4,2022
sompong,75.00,8,4,2022
sompong,80.00,8,4,2022
sompong,90.00,9,4,2022
sompong,460.00,19,4,2022
sompong,460.00,20,4,2022
sompong,460.00,21,4,2022
sompong,460.00,22,4,2022
sompong,460.00,23,4,2022
sompong,460.00,26,4,2022
sompong,460.00,1,5,2022
peter,120.00,1,5,2022
peter,45.00,1,5,2022
peter,80.00,1,5,2022
peter,75.00,1,5,2022
peter,80.00,1,5,2022
peter,90.00,1,5,2022
peter,460.00,2,5,2022
peter,460.00,2,5,2022
peter,460.00,2,5,2022
peter,460.00,2,5,2022
peter,460.00,2,5,2022
peter,460.00,2,5,2022
peter,460.00,2,5,2022
peter,460.00,2,5,2022
peter,460.00,2,5,2022
sompong,60.00,2,5,2022
peter,560.00,2,5,2022
sompong,460.00,3,5,2022
peter,460.00,3,5,2022
sompong,1460.00,3,5,2022
peter,2460.00,3,5,2022
admin,530.00,3,5,2022
admin,670.00,3,5,2022
admin,90.00,3,5,2022
admin,420.00,3,5,2022
admin,240.00,3,5,2022
admin,260.00,3,5,2022
admin,510.00,3,5,2022